2020/12/01,05:43:42,001,000,013,000,15.257996,7.185669,65,65,0.072232,0.072000,0.044000,13,1,281
2020/12/01,05:43:43,001,000,018,000,13.911743,6.736572,65,65,0.072748,0.072000,0.044000,18,1,281
2020/12/01,05:43:43,001,000,019,000,4.936401,6.736572,65,65,0.073058,0.072000,0.044000,19,1,281
2020/12/01,05:44:09,001,000,019,000,7.180237,5.838379,65,65,0.073626,0.072000,0.044000,19,1,281
2020/12/01,05:44:09,001,000,020,000,6.731445,1.796509,65,65,0.073006,0.072000,0.044000,19,1,281
2020/12/01,05:44:10,001,000,022,000,13.462952,8.083862,65,65,0.072903,0.072000,0.044000,17,1,281
2020/12/01,05:44:10,001,000,024,000,11.219116,3.592896,65,65,0.072284,0.072000,0.044000,15,1,281
2020/12/01,05:44:11,001,000,029,000,12.116638,11.676636,65,65,0.073006,0.072000,0.044000,10,1,281
2020/12/01,05:50:50,001,001,003,000,-6.282715,0.449097,65,65,0.080849,0.072000,0.044000,3,1,281
2020/12/01,05:50:57,001,001,030,000,-10.321655,6.287476,65,65,0.086060,0.072000,0.044000,9,1,281
2020/12/01,05:51:01,001,001,045,000,-13.014221,4.940186,65,65,0.088588,0.072000,0.044000,5,1,281
2020/12/01,05:51:05,001,001,059,000,5.833923,-10.329346,65,65,0.073006,0.072000,0.044000,19,1,281
2020/12/01,07:32:50,016,000,669,000,-6.731506,-7.185547,65,65,0.041069,0.072000,0.044000,10,1,280
2020/12/01,08:12:13,022,000,602,000,15.257996,0.000000,65,65,0.023063,0.072000,0.044000,2,1,280
2020/12/01,08:18:52,023,000,655,000,-2.243835,24.700684,65,65,0.020174,0.072000,0.044000,15,1,280
