Num Col Row EpoxyType  Area  ShiftX shiftY ShapeScore ShapeInsuff ShapeExcess ShiftOK AreaOK ShapeOK
0   0   0   0         0.071  1.447  -0.553  0.000      0.000      0.000      0       0       0
0   0   1   0         0.068  -2.801  4.616  0.000      0.000      0.000      0       0       0
1   0   1   0         0.071  6.756  6.797  0.000      0.000      0.000      0       0       0
0   0   2   0         0.072  3.836  5.990  0.000      0.000      0.000      0       0       0
0   1   2   0         0.074  2.814  4.016  0.000      0.000      0.000      0       0       0
0   1   1   0         0.072  -5.548  -1.275  0.000      0.000      0.000      0       0       0
1   1   1   0         0.071  4.008  0.554  0.000      0.000      0.000      0       0       0
0   1   0   0         0.071  -3.159  1.238  0.000      0.000      0.000      0       0       0
0   2   0   0         0.070  3.583  -0.553  0.000      0.000      0.000      0       0       0
0   2   1   0         0.071  3.052  -4.945  0.000      0.000      0.000      0       0       0
1   2   1   0         0.071  10.817  2.016  0.000      0.000      0.000      0       0       0
0   2   2   0         0.077  6.569  5.393  0.000      0.000      0.000      1       0       0
0   0   3   0         0.073  1.906  -2.721  0.000      0.000      0.000      0       0       0
0   0   4   0         0.072  -3.537  2.448  0.000      0.000      0.000      0       0       0
1   0   4   0         0.071  2.436  4.629  0.000      0.000      0.000      0       0       0
0   0   5   0         0.072  3.697  5.615  0.000      0.000      0.000      0       0       0
0   1   5   0         0.070  4.466  6.629  0.000      0.000      0.000      0       0       0
0   1   4   0         0.069  -3.896  -2.248  0.000      0.000      0.000      0       0       0
1   1   4   0         0.070  5.064  1.971  0.000      0.000      0.000      0       0       0
0   1   3   0         0.067  -2.104  -0.333  0.000      0.000      0.000      0       0       0
0   2   3   0         0.068  2.249  -7.502  0.000      0.000      0.000      0       0       0
0   2   4   0         0.066  1.122  -8.906  0.000      0.000      0.000      0       0       0
1   2   4   0         0.068  7.094  -2.542  0.000      0.000      0.000      0       0       0
0   2   5   0         0.066  7.027  0.834  0.000      0.000      0.000      0       0       0
0   0   6   0         0.070  0.734  1.572  0.000      0.000      0.000      0       0       0
0   0   7   0         0.067  1.264  0.168  0.000      0.000      0.000      0       0       0
1   0   7   0         0.064  6.042  8.324  0.000      0.000      0.000      0       0       0
0   0   8   0         0.068  2.526  2.737  0.000      0.000      0.000      0       0       0
0   1   8   0         0.066  5.086  -4.615  0.000      0.000      0.000      0       0       0
0   1   7   0         0.064  -1.484  -8.711  0.000      0.000      0.000      0       0       0
1   1   7   0         0.066  0.905  -3.895  0.000      0.000      0.000      0       0       0
0   1   6   0         0.065  -4.470  -7.393  0.000      0.000      0.000      0       0       0
0   2   6   0         0.066  -8.479  -4.404  0.000      0.000      0.000      0       0       0
0   2   7   0         0.065  -4.231  -11.186  0.000      0.000      0.000      0       0       0
1   2   7   0         0.064  5.325  -1.237  0.000      0.000      0.000      0       0       0
0   2   8   0         0.064  4.661  1.542  0.000      0.000      0.000      0       0       0
0   0   9   0         0.065  0.157  -4.160  0.000      0.000      0.000      0       0       0
0   0   10   0         0.066  1.284  -4.967  0.000      0.000      0.000      0       0       0
1   0   10   0         0.065  1.882  6.775  0.000      0.000      0.000      0       0       0
0   0   11   0         0.061  5.532  2.383  0.000      0.000      0.000      0       0       0
0   1   11   0         0.064  7.496  5.787  0.000      0.000      0.000      0       0       0
0   1   10   0         0.066  -2.061  -4.882  0.000      0.000      0.000      0       0       0
1   1   10   0         0.058  3.912  1.727  0.000      0.000      0.000      0       0       0
0   1   9   0         0.063  1.523  1.814  0.000      0.000      0.000      0       0       0
0   2   9   0         0.062  -3.681  -5.355  0.000      0.000      0.000      0       0       0
0   2   10   0         0.062  -0.030  -7.955  0.000      0.000      0.000      0       0       0
1   2   10   0         0.062  5.346  -2.786  0.000      0.000      0.000      0       0       0
0   2   11   0         0.062  5.279  -1.800  0.000      0.000      0.000      0       0       0
0   0   0   0         0.062  0.024  -3.859  0.000      0.000      0.000      0       0       0
0   0   1   0         0.063  -1.835  -2.275  0.000      0.000      0.000      0       0       0
1   0   1   0         0.062  2.346  7.674  0.000      0.000      0.000      0       0       0
0   0   2   0         0.064  4.803  3.880  0.000      0.000      0.000      0       0       0
0   1   2   0         0.064  2.585  3.101  0.000      0.000      0.000      0       0       0
0   1   1   0         0.063  -0.401  -4.580  0.000      0.000      0.000      0       0       0
1   1   1   0         0.062  2.585  3.223  0.000      0.000      0.000      0       0       0
0   1   0   0         0.063  -2.193  -4.458  0.000      0.000      0.000      0       0       0
0   2   0   0         0.064  0.368  -7.444  0.000      0.000      0.000      0       0       0
0   2   1   0         0.064  -0.162  -2.275  0.000      0.000      0.000      0       0       0
1   2   1   0         0.062  8.797  -0.094  0.000      0.000      0.000      0       0       0
0   2   2   0         0.061  5.146  9.855  0.000      0.000      0.000      0       0       0
0   0   3   0         0.064  0.951  -1.384  0.000      0.000      0.000      0       0       0
0   0   4   0         0.063  -3.298  -2.190  0.000      0.000      0.000      0       0       0
1   0   4   0         0.063  1.481  5.966  0.000      0.000      0.000      0       0       0
0   0   5   0         0.064  2.145  6.355  0.000      0.000      0.000      0       0       0
0   1   5   0         0.065  5.901  9.759  0.000      0.000      0.000      0       0       0
0   1   4   0         0.064  -3.059  -3.898  0.000      0.000      0.000      0       0       0
1   1   4   0         0.063  8.290  9.284  0.000      0.000      0.000      0       0       0
0   1   3   0         0.061  -5.448  -3.178  0.000      0.000      0.000      0       0       0
0   2   3   0         0.062  -3.484  -1.384  0.000      0.000      0.000      0       0       0
0   2   4   0         0.062  1.361  -5.178  0.000      0.000      0.000      0       0       0
1   2   4   0         0.062  5.542  -1.205  0.000      0.000      0.000      0       0       0
0   2   5   0         0.060  1.294  6.952  0.000      0.000      0.000      0       0       0
0   0   6   0         0.065  -0.162  -2.305  0.000      0.000      0.000      0       0       0
0   0   7   0         0.066  -4.410  0.473  0.000      0.000      0.000      0       0       0
1   0   7   0         0.066  0.368  7.435  0.000      0.000      0.000      0       0       0
0   0   8   0         0.068  3.422  0.055  0.000      0.000      0.000      0       0       0
0   1   8   0         0.066  1.802  -0.126  0.000      0.000      0.000      0       0       0
0   1   7   0         0.064  -3.574  -4.820  0.000      0.000      0.000      0       0       0
1   1   7   0         0.065  0.607  1.789  0.000      0.000      0.000      0       0       0
0   1   6   0         0.065  -7.157  -2.307  0.000      0.000      0.000      0       0       0
0   2   6   0         0.065  -4.596  -9.476  0.000      0.000      0.000      0       0       0
0   2   7   0         0.064  0.249  -10.282  0.000      0.000      0.000      0       0       0
1   2   7   0         0.065  9.208  -2.126  0.000      0.000      0.000      0       0       0
0   2   8   0         0.062  9.738  -0.542  0.000      0.000      0.000      0       0       0
0   0   9   0         0.063  -3.002  -6.186  0.000      0.000      0.000      0       0       0
0   0   10   0         0.063  -2.472  2.568  0.000      0.000      0.000      0       0       0
1   0   10   0         0.066  5.293  5.944  0.000      0.000      0.000      0       0       0
0   0   11   0         0.064  6.555  -0.241  0.000      0.000      0.000      0       0       0
0   1   11   0         0.063  4.337  -1.617  0.000      0.000      0.000      0       0       0
0   1   10   0         0.062  -1.038  -6.908  0.000      0.000      0.000      0       0       0
1   1   10   0         0.064  3.143  -2.092  0.000      0.000      0.000      0       0       0
0   1   9   0         0.061  -5.219  -3.798  0.000      0.000      0.000      0       0       0
0   2   9   0         0.060  -4.450  -1.406  0.000      0.000      0.000      0       0       0
0   2   10   0         0.061  1.590  -15.359  0.000      0.000      0.000      0       0       0
1   2   10   0         0.059  9.355  -3.617  0.000      0.000      0.000      0       0       0
0   2   11   0         0.061  3.912  1.552  0.000      0.000      0.000      0       0       0
0   0   0   0         0.063  1.740  -3.267  0.000      0.000      0.000      0       0       0
0   0   1   0         0.064  -2.508  -4.672  0.000      0.000      0.000      0       0       0
1   0   1   0         0.063  2.270  1.095  0.000      0.000      0.000      0       0       0
0   0   2   0         0.058  6.518  1.483  0.000      0.000      0.000      0       0       0
0   1   2   0         0.061  1.315  1.900  0.000      0.000      0.000      0       0       0
0   1   1   0         0.058  -5.255  -2.794  0.000      0.000      0.000      0       0       0
1   1   1   0         0.062  9.079  -3.356  0.000      0.000      0.000      0       0       0
0   1   0   0         0.060  -0.477  -0.281  0.000      0.000      0.000      0       0       0
0   2   0   0         0.061  -3.292  0.318  0.000      0.000      0.000      0       0       0
0   2   1   0         0.061  -3.225  -10.647  0.000      0.000      0.000      0       0       0
1   2   1   0         0.061  6.332  -3.088  0.000      0.000      0.000      0       0       0
0   2   2   0         0.061  2.084  0.886  0.000      0.000      0.000      0       0       0
0   0   3   0         0.061  2.264  3.363  0.000      0.000      0.000      0       0       0
0   0   4   0         0.064  -4.373  0.764  0.000      0.000      0.000      0       0       0
1   0   4   0         0.063  1.600  2.945  0.000      0.000      0.000      0       0       0
0   0   5   0         0.059  2.861  6.321  0.000      0.000      0.000      0       0       0
0   1   5   0         0.065  2.436  3.152  0.000      0.000      0.000      0       0       0
0   1   4   0         0.060  -2.940  -3.932  0.000      0.000      0.000      0       0       0
1   1   4   0         0.061  0.644  4.470  0.000      0.000      0.000      0       0       0
0   1   3   0         0.064  -4.134  0.971  0.000      0.000      0.000      0       0       0
0   2   3   0         0.062  -1.573  -4.405  0.000      0.000      0.000      0       0       0
0   2   4   0         0.061  -2.104  -1.029  0.000      0.000      0.000      0       0       0
1   2   4   0         0.061  9.245  1.152  0.000      0.000      0.000      0       0       0
0   2   5   0         0.061  0.218  6.321  0.000      0.000      0.000      0       0       0
0   0   6   0         0.065  -0.068  3.498  0.000      0.000      0.000      0       0       0
0   0   7   0         0.064  -5.511  2.093  0.000      0.000      0.000      0       0       0
1   0   7   0         0.065  3.448  10.250  0.000      0.000      0.000      0       0       0
0   0   8   0         0.062  2.918  6.455  0.000      0.000      0.000      0       0       0
0   1   8   0         0.063  1.298  8.067  0.000      0.000      0.000      0       0       0
0   1   7   0         0.061  -3.480  -0.212  0.000      0.000      0.000      0       0       0
1   1   7   0         0.062  3.687  8.787  0.000      0.000      0.000      0       0       0
0   1   6   0         0.064  -4.078  -2.480  0.000      0.000      0.000      0       0       0
0   2   6   0         0.062  -5.698  -4.868  0.000      0.000      0.000      0       0       0
0   2   7   0         0.064  -5.033  -5.675  0.000      0.000      0.000      0       0       0
1   2   7   0         0.063  2.134  -1.701  0.000      0.000      0.000      0       0       0
0   2   8   0         0.061  8.040  4.663  0.000      0.000      0.000      0       0       0
0   0   9   0         0.061  -3.365  2.543  0.000      0.000      0.000      0       0       0
0   0   10   0         0.062  -2.238  -6.629  0.000      0.000      0.000      0       0       0
1   0   10   0         0.063  2.541  0.332  0.000      0.000      0.000      0       0       0
0   0   11   0         0.064  6.789  -0.475  0.000      0.000      0.000      0       0       0
0   1   11   0         0.062  4.571  1.137  0.000      0.000      0.000      0       0       0
0   1   10   0         0.061  -4.985  -5.947  0.000      0.000      0.000      0       0       0
1   1   10   0         0.062  -0.207  -3.521  0.000      0.000      0.000      0       0       0
0   1   9   0         0.065  -5.583  0.151  0.000      0.000      0.000      0       0       0
0   2   9   0         0.058  -5.411  -7.018  0.000      0.000      0.000      0       0       0
0   2   10   0         0.060  -2.955  -6.629  0.000      0.000      0.000      0       0       0
1   2   10   0         0.062  3.018  -0.265  0.000      0.000      0.000      0       0       0
0   2   11   0         0.059  -2.424  0.721  0.000      0.000      0.000      0       0       0
0   0   1   0         0.069  -0.853  3.319  0.000      0.000      0.000      0       0       0
1   0   1   0         0.069  2.731  5.500  0.000      0.000      0.000      0       0       0
0   0   2   0         0.069  3.395  1.108  0.000      0.000      0.000      0       0       0
0   1   2   0         0.068  4.762  3.317  0.000      0.000      0.000      0       0       0
0   1   1   0         0.066  -0.017  -5.560  0.000      0.000      0.000      0       0       0
1   1   1   0         0.066  4.762  1.647  0.000      0.000      0.000      0       0       0
0   1   0   0         0.065  -4.795  -4.242  0.000      0.000      0.000      0       0       0
0   2   0   0         0.065  -4.623  -8.423  0.000      0.000      0.000      0       0       0
0   2   1   0         0.064  -2.764  -6.242  0.000      0.000      0.000      0       0       0
1   2   1   0         0.064  9.181  -2.269  0.000      0.000      0.000      0       0       0
0   2   2   0         0.067  6.725  5.290  0.000      0.000      0.000      0       0       0
0   0   3   0         0.065  0.191  0.441  0.000      0.000      0.000      0       0       0
0   0   4   0         0.065  0.721  -3.354  0.000      0.000      0.000      0       0       0
1   0   4   0         0.065  5.499  10.778  0.000      0.000      0.000      0       0       0
0   0   5   0         0.066  6.164  4.594  0.000      0.000      0.000      0       0       0
0   1   5   0         0.066  6.933  12.778  0.000      0.000      0.000      0       0       0
0   1   4   0         0.063  -2.026  -0.281  0.000      0.000      0.000      0       0       0
1   1   4   0         0.065  3.349  2.145  0.000      0.000      0.000      0       0       0
0   1   3   0         0.065  -3.818  -1.354  0.000      0.000      0.000      0       0       0
0   2   3   0         0.065  0.535  -0.754  0.000      0.000      0.000      0       0       0
0   2   4   0         0.061  -4.774  -3.354  0.000      0.000      0.000      0       0       0
1   2   4   0         0.063  9.561  3.608  0.000      0.000      0.000      0       0       0
0   2   5   0         0.064  5.313  8.777  0.000      0.000      0.000      0       0       0
0   0   6   0         0.065  2.373  2.889  0.000      0.000      0.000      0       0       0
0   0   7   0         0.066  -6.654  8.058  0.000      0.000      0.000      0       0       0
1   0   7   0         0.065  2.306  10.239  0.000      0.000      0.000      0       0       0
0   0   8   0         0.065  8.346  2.262  0.000      0.000      0.000      0       0       0
0   1   8   0         0.065  5.531  -2.102  0.000      0.000      0.000      0       0       0
0   1   7   0         0.063  -2.234  -0.820  0.000      0.000      0.000      0       0       0
1   1   7   0         0.065  7.920  6.984  0.000      0.000      0.000      0       0       0
0   1   6   0         0.069  -1.636  1.692  0.000      0.000      0.000      0       0       0
0   2   6   0         0.065  -3.854  -0.696  0.000      0.000      0.000      0       0       0
0   2   7   0         0.063  -1.995  -3.295  0.000      0.000      0.000      0       0       0
1   2   7   0         0.063  6.965  0.678  0.000      0.000      0.000      0       0       0
0   2   8   0         0.060  9.286  10.628  0.000      0.000      0.000      0       0       0
0   0   9   0         0.063  0.249  0.014  0.000      0.000      0.000      0       0       0
0   0   10   0         0.062  -2.805  2.195  0.000      0.000      0.000      0       0       0
1   0   10   0         0.064  0.182  3.779  0.000      0.000      0.000      0       0       0
0   0   11   0         0.064  1.444  -0.016  0.000      0.000      0.000      0       0       0
0   1   11   0         0.063  0.421  7.571  0.000      0.000      0.000      0       0       0
0   1   10   0         0.063  -5.552  -1.903  0.000      0.000      0.000      0       0       0
1   1   10   0         0.063  4.004  -1.867  0.000      0.000      0.000      0       0       0
0   1   9   0         0.060  -6.149  -0.585  0.000      0.000      0.000      0       0       0
0   2   9   0         0.062  -5.978  -4.766  0.000      0.000      0.000      0       0       0
0   2   10   0         0.061  -1.132  -12.146  0.000      0.000      0.000      0       0       0
1   2   10   0         0.063  1.257  -0.404  0.000      0.000      0.000      0       0       0
0   2   11   0         0.062  -0.005  2.972  0.000      0.000      0.000      0       0       0
0   0   0   0         0.065  0.118  6.709  0.000      0.000      0.000      0       0       0
0   0   1   0         0.069  -4.131  1.122  0.000      0.000      0.000      0       0       0
1   0   1   0         0.067  0.648  9.279  0.000      0.000      0.000      0       0       0
0   0   2   0         0.067  3.104  4.887  0.000      0.000      0.000      0       0       0
0   1   2   0         0.067  7.457  5.303  0.000      0.000      0.000      0       0       0
0   1   1   0         0.065  2.678  -7.159  0.000      0.000      0.000      0       0       0
1   1   1   0         0.064  7.457  1.840  0.000      0.000      0.000      0       0       0
0   1   0   0         0.064  -2.100  -5.244  0.000      0.000      0.000      0       0       0
0   2   0   0         0.062  2.253  -0.461  0.000      0.000      0.000      0       0       0
0   2   1   0         0.064  2.320  -4.256  0.000      0.000      0.000      0       0       0
1   2   1   0         0.064  9.488  -0.282  0.000      0.000      0.000      0       0       0
0   2   2   0         0.065  3.447  6.082  0.000      0.000      0.000      0       0       0
0   0   3   0         0.065  3.807  -4.739  0.000      0.000      0.000      0       0       0
0   0   4   0         0.066  -5.220  -4.351  0.000      0.000      0.000      0       0       0
1   0   4   0         0.065  6.726  7.391  0.000      0.000      0.000      0       0       0
0   0   5   0         0.065  8.585  -1.184  0.000      0.000      0.000      0       0       0
0   1   5   0         0.066  1.589  9.391  0.000      0.000      0.000      0       0       0
0   1   4   0         0.065  -1.397  1.112  0.000      0.000      0.000      0       0       0
1   1   4   0         0.064  6.367  5.928  0.000      0.000      0.000      0       0       0
0   1   3   0         0.063  2.784  -2.351  0.000      0.000      0.000      0       0       0
0   2   3   0         0.064  -0.628  4.821  0.000      0.000      0.000      0       0       0
0   2   4   0         0.065  -3.547  -9.131  0.000      0.000      0.000      0       0       0
1   2   4   0         0.060  3.620  -6.950  0.000      0.000      0.000      0       0       0
0   2   5   0         0.062  5.942  7.779  0.000      0.000      0.000      0       0       0
0   0   6   0         0.063  7.372  1.428  0.000      0.000      0.000      0       0       0
0   0   7   0         0.065  -1.655  -0.574  0.000      0.000      0.000      0       0       0
1   0   7   0         0.067  -0.460  3.997  0.000      0.000      0.000      0       0       0
0   0   8   0         0.062  8.566  1.995  0.000      0.000      0.000      0       0       0
0   1   8   0         0.062  6.349  3.607  0.000      0.000      0.000      0       0       0
0   1   7   0         0.062  -3.208  4.889  0.000      0.000      0.000      0       0       0
1   1   7   0         0.062  6.349  4.924  0.000      0.000      0.000      0       0       0
0   1   6   0         0.061  -0.221  -2.160  0.000      0.000      0.000      0       0       0
0   2   6   0         0.065  -0.647  -10.523  0.000      0.000      0.000      0       0       0
0   2   7   0         0.062  1.809  -2.964  0.000      0.000      0.000      0       0       0
1   2   7   0         0.060  13.158  1.009  0.000      0.000      0.000      0       0       0
0   2   8   0         0.062  4.131  1.995  0.000      0.000      0.000      0       0       0
0   0   9   0         0.062  2.412  1.892  0.000      0.000      0.000      0       0       0
0   0   10   0         0.063  -6.017  -4.292  0.000      0.000      0.000      0       0       0
1   0   10   0         0.062  7.721  2.072  0.000      0.000      0.000      0       0       0
0   0   11   0         0.059  13.163  2.460  0.000      0.000      0.000      0       0       0
0   1   11   0         0.060  10.946  6.462  0.000      0.000      0.000      0       0       0
0   1   10   0         0.061  0.195  -4.207  0.000      0.000      0.000      0       0       0
1   1   10   0         0.062  4.973  5.389  0.000      0.000      0.000      0       0       0
0   1   9   0         0.060  4.376  -2.890  0.000      0.000      0.000      0       0       0
0   2   9   0         0.057  -2.023  -7.071  0.000      0.000      0.000      0       0       0
0   2   10   0         0.061  -2.553  -4.292  0.000      0.000      0.000      0       0       0
1   2   10   0         0.061  14.769  3.267  0.000      0.000      0.000      0       0       0
0   2   11   0         0.060  9.326  10.228  0.000      0.000      0.000      0       0       0
0   0   0   0         0.061  2.485  -1.874  0.000      0.000      0.000      0       0       0
0   0   1   0         0.062  -6.542  1.503  0.000      0.000      0.000      0       0       0
1   0   1   0         0.062  11.377  10.257  0.000      0.000      0.000      0       0       0
0   0   2   0         0.059  1.290  5.267  0.000      0.000      0.000      0       0       0
0   1   2   0         0.061  18.186  2.696  0.000      0.000      0.000      0       0       0
0   1   1   0         0.059  1.462  5.173  0.000      0.000      0.000      0       0       0
1   1   1   0         0.060  9.824  -3.157  0.000      0.000      0.000      0       0       0
0   1   0   0         0.060  3.851  0.515  0.000      0.000      0.000      0       0       0
0   2   0   0         0.060  -1.950  -1.874  0.000      0.000      0.000      0       0       0
0   2   1   0         0.061  2.298  -10.448  0.000      0.000      0.000      0       0       0
1   2   1   0         0.058  11.855  0.696  0.000      0.000      0.000      0       0       0
0   2   2   0         0.062  7.607  5.267  0.000      0.000      0.000      0       0       0
0   0   3   0         0.064  4.563  -0.154  0.000      0.000      0.000      0       0       0
0   0   4   0         0.063  -3.866  0.235  0.000      0.000      0.000      0       0       0
1   0   4   0         0.062  -0.879  5.403  0.000      0.000      0.000      0       0       0
0   0   5   0         0.059  11.134  2.804  0.000      0.000      0.000      0       0       0
0   1   5   0         0.063  13.694  9.196  0.000      0.000      0.000      0       0       0
0   1   4   0         0.063  -0.640  3.307  0.000      0.000      0.000      0       0       0
1   1   4   0         0.062  8.916  6.928  0.000      0.000      0.000      0       0       0
0   1   3   0         0.061  -0.640  1.039  0.000      0.000      0.000      0       0       0
0   2   3   0         0.064  -2.858  4.627  0.000      0.000      0.000      0       0       0
0   2   4   0         0.064  -0.999  -3.948  0.000      0.000      0.000      0       0       0
1   2   4   0         0.062  6.169  -2.365  0.000      0.000      0.000      0       0       0
0   2   5   0         0.064  3.115  -0.184  0.000      0.000      0.000      0       0       0
0   0   6   0         0.062  1.289  2.923  0.000      0.000      0.000      0       0       0
0   0   7   0         0.063  -7.738  2.713  0.000      0.000      0.000      0       0       0
1   0   7   0         0.061  11.375  4.894  0.000      0.000      0.000      0       0       0
0   0   8   0         0.063  6.067  8.868  0.000      0.000      0.000      0       0       0
0   1   8   0         0.061  8.030  6.894  0.000      0.000      0.000      0       0       0
0   1   7   0         0.063  -5.707  -10.945  0.000      0.000      0.000      0       0       0
1   1   7   0         0.062  8.628  -0.751  0.000      0.000      0.000      0       0       0
0   1   6   0         0.063  3.849  -0.067  0.000      0.000      0.000      0       0       0
0   2   6   0         0.062  -3.146  -6.041  0.000      0.000      0.000      0       0       0
0   2   7   0         0.061  -0.093  -6.847  0.000      0.000      0.000      0       0       0
1   2   7   0         0.063  10.658  1.309  0.000      0.000      0.000      0       0       0
0   2   8   0         0.063  7.605  8.271  0.000      0.000      0.000      0       0       0
0   0   9   0         0.061  5.272  -5.143  0.000      0.000      0.000      0       0       0
0   0   10   0         0.060  -0.768  0.026  0.000      0.000      0.000      0       0       0
1   0   10   0         0.063  2.218  10.573  0.000      0.000      0.000      0       0       0
0   0   11   0         0.062  5.272  2.595  0.000      0.000      0.000      0       0       0
0   1   11   0         0.061  7.832  6.000  0.000      0.000      0.000      0       0       0
0   1   10   0         0.061  -6.502  -8.852  0.000      0.000      0.000      0       0       0
1   1   10   0         0.060  10.819  5.524  0.000      0.000      0.000      0       0       0
0   1   9   0         0.056  -4.711  -6.340  0.000      0.000      0.000      0       0       0
0   2   9   0         0.058  -3.942  -0.362  0.000      0.000      0.000      0       0       0
0   2   10   0         0.060  0.307  -4.754  0.000      0.000      0.000      0       0       0
1   2   10   0         0.062  3.890  -3.171  0.000      0.000      0.000      0       0       0
0   2   11   0         0.061  9.796  2.595  0.000      0.000      0.000      0       0       0
0   0   0   0         0.062  -2.054  1.341  0.000      0.000      0.000      0       0       0
0   0   1   0         0.063  -1.524  4.120  0.000      0.000      0.000      0       0       0
1   0   1   0         0.061  3.254  3.911  0.000      0.000      0.000      0       0       0
0   0   2   0         0.061  7.502  0.714  0.000      0.000      0.000      0       0       0
0   1   2   0         0.061  8.869  10.691  0.000      0.000      0.000      0       0       0
0   1   1   0         0.062  -1.882  2.412  0.000      0.000      0.000      0       0       0
1   1   1   0         0.061  5.285  3.045  0.000      0.000      0.000      0       0       0
0   1   0   0         0.060  1.701  3.730  0.000      0.000      0.000      0       0       0
0   2   0   0         0.060  3.067  -7.622  0.000      0.000      0.000      0       0       0
0   2   1   0         0.060  1.940  -7.831  0.000      0.000      0.000      0       0       0
1   2   1   0         0.059  2.537  0.325  0.000      0.000      0.000      0       0       0
0   2   2   0         0.061  6.651  12.665  0.000      0.000      0.000      0       0       0
0   0   3   0         0.061  3.601  1.656  0.000      0.000      0.000      0       0       0
0   0   4   0         0.065  -6.620  3.240  0.000      0.000      0.000      0       0       0
1   0   4   0         0.062  0.548  10.201  0.000      0.000      0.000      0       0       0
0   0   5   0         0.062  5.990  9.394  0.000      0.000      0.000      0       0       0
0   1   5   0         0.062  6.759  1.445  0.000      0.000      0.000      0       0       0
0   1   4   0         0.061  -2.797  -2.053  0.000      0.000      0.000      0       0       0
1   1   4   0         0.062  4.968  8.738  0.000      0.000      0.000      0       0       0
0   1   3   0         0.061  1.981  -1.931  0.000      0.000      0.000      0       0       0
0   2   3   0         0.064  -0.236  3.449  0.000      0.000      0.000      0       0       0
0   2   4   0         0.061  -0.169  -0.346  0.000      0.000      0.000      0       0       0
1   2   4   0         0.062  8.790  4.226  0.000      0.000      0.000      0       0       0
0   2   5   0         0.062  5.139  14.175  0.000      0.000      0.000      0       0       0
0   0   6   0         0.063  1.026  -1.584  0.000      0.000      0.000      0       0       0
0   0   7   0         0.063  -5.611  3.585  0.000      0.000      0.000      0       0       0
1   0   7   0         0.063  2.751  10.546  0.000      0.000      0.000      0       0       0
0   0   8   0         0.063  8.194  3.166  0.000      0.000      0.000      0       0       0
0   1   8   0         0.065  7.171  1.193  0.000      0.000      0.000      0       0       0
0   1   7   0         0.064  -3.580  -0.513  0.000      0.000      0.000      0       0       0
1   1   7   0         0.064  1.198  7.291  0.000      0.000      0.000      0       0       0
0   1   6   0         0.062  -3.580  -3.379  0.000      0.000      0.000      0       0       0
0   2   6   0         0.061  -1.020  -3.377  0.000      0.000      0.000      0       0       0
0   2   7   0         0.062  -1.550  -1.196  0.000      0.000      0.000      0       0       0
1   2   7   0         0.060  12.785  4.571  0.000      0.000      0.000      0       0       0
0   2   8   0         0.061  3.759  6.154  0.000      0.000      0.000      0       0       0
0   0   9   0         0.062  0.697  -0.136  0.000      0.000      0.000      0       0       0
0   0   10   0         0.063  -4.149  -2.138  0.000      0.000      0.000      0       0       0
1   0   10   0         0.059  2.421  3.031  0.000      0.000      0.000      0       0       0
0   0   11   0         0.060  0.099  3.420  0.000      0.000      0.000      0       0       0
0   1   11   0         0.062  8.633  0.251  0.000      0.000      0.000      0       0       0
0   1   10   0         0.061  2.660  -8.028  0.000      0.000      0.000      0       0       0
1   1   10   0         0.062  -0.924  -7.395  0.000      0.000      0.000      0       0       0
0   1   9   0         0.059  9.828  5.838  0.000      0.000      0.000      0       0       0
0   2   9   0         0.059  0.443  -3.124  0.000      0.000      0.000      0       0       0
0   2   10   0         0.058  -3.671  -8.711  0.000      0.000      0.000      0       0       0
1   2   10   0         0.060  1.107  3.031  0.000      0.000      0.000      0       0       0
0   0   0   0         0.064  -3.635  -4.686  0.000      0.000      0.000      0       0       0
0   0   1   0         0.064  1.673  -4.297  0.000      0.000      0.000      0       0       0
1   0   1   0         0.065  1.673  5.054  0.000      0.000      0.000      0       0       0
0   0   2   0         0.062  -1.246  -1.728  0.000      0.000      0.000      0       0       0
0   1   2   0         0.063  3.704  -3.702  0.000      0.000      0.000      0       0       0
1   1   1   0         0.069  9.510  2.022  0.000      0.000      0.000      0       0       0
0   1   0   0         0.066  0.551  -6.257  0.000      0.000      0.000      0       0       0
0   2   0   0         0.070  1.917  -7.450  0.000      0.000      0.000      0       0       0
0   2   1   0         0.065  3.179  -13.037  0.000      0.000      0.000      0       0       0
1   2   1   0         0.063  6.763  3.485  0.000      0.000      0.000      0       0       0
0   2   2   0         0.067  12.668  -0.309  0.000      0.000      0.000      0       0       0
0   0   3   0         0.066  -4.555  -3.733  0.000      0.000      0.000      0       0       0
0   0   4   0         0.068  -4.622  -8.125  0.000      0.000      0.000      0       0       0
1   0   4   0         0.066  7.921  3.617  0.000      0.000      0.000      0       0       0
0   0   5   0         0.063  -0.374  -0.775  0.000      0.000      0.000      0       0       0
0   1   5   0         0.064  5.173  -3.944  0.000      0.000      0.000      0       0       0
0   1   4   0         0.062  -2.591  -8.040  0.000      0.000      0.000      0       0       0
1   1   4   0         0.066  6.965  -2.626  0.000      0.000      0.000      0       0       0
0   1   3   0         0.064  -1.994  -15.686  0.000      0.000      0.000      0       0       0
0   2   3   0         0.064  -2.419  -8.513  0.000      0.000      0.000      0       0       0
0   2   4   0         0.062  -0.560  -10.515  0.000      0.000      0.000      0       0       0
1   2   4   0         0.063  7.204  -5.944  0.000      0.000      0.000      0       0       0
0   2   5   0         0.061  4.748  1.018  0.000      0.000      0.000      0       0       0
0   0   6   0         0.064  2.392  -9.023  0.000      0.000      0.000      0       0       0
0   0   7   0         0.066  -3.648  -3.855  0.000      0.000      0.000      0       0       0
1   0   7   0         0.065  1.728  4.899  0.000      0.000      0.000      0       0       0
0   0   8   0         0.062  5.976  1.702  0.000      0.000      0.000      0       0       0
0   1   8   0         0.063  3.758  4.509  0.000      0.000      0.000      0       0       0
0   1   7   0         0.061  -1.020  -6.758  0.000      0.000      0.000      0       0       0
1   1   7   0         0.062  4.953  1.644  0.000      0.000      0.000      0       0       0
0   1   6   0         0.060  -4.604  -6.635  0.000      0.000      0.000      0       0       0
0   2   6   0         0.061  -3.835  -7.828  0.000      0.000      0.000      0       0       0
0   2   7   0         0.059  1.011  -13.415  0.000      0.000      0.000      0       0       0
1   2   7   0         0.060  3.400  -0.479  0.000      0.000      0.000      0       0       0
0   2   8   0         0.062  3.930  8.276  0.000      0.000      0.000      0       0       0
0   0   9   0         0.065  5.298  2.079  0.000      0.000      0.000      0       0       0
0   0   10   0         0.067  -8.507  0.675  0.000      0.000      0.000      0       0       0
1   0   10   0         0.065  1.050  3.454  0.000      0.000      0.000      0       0       0
0   0   11   0         0.066  5.298  -0.938  0.000      0.000      0.000      0       0       0
0   1   11   0         0.065  4.873  4.856  0.000      0.000      0.000      0       0       0
0   1   10   0         0.064  -6.476  0.760  0.000      0.000      0.000      0       0       0
1   1   10   0         0.064  6.664  1.393  0.000      0.000      0.000      0       0       0
0   1   9   0         0.061  -5.281  -5.093  0.000      0.000      0.000      0       0       0
0   2   9   0         0.062  -0.929  -4.494  0.000      0.000      0.000      0       0       0
0   2   10   0         0.062  0.333  -4.105  0.000      0.000      0.000      0       0       0
1   2   10   0         0.063  7.501  -0.132  0.000      0.000      0.000      0       0       0
0   2   11   0         0.062  5.642  8.025  0.000      0.000      0.000      0       0       0
