Num Col Row EpoxyType  Area  ShiftX shiftY ShapeScore ShapeInsuff ShapeExcess ShiftOK AreaOK ShapeOK
0   0   0   0         0.070  5.571  -3.793  0.000      0.000      0.000      0       0       0
0   0   1   0         0.070  10.067  -6.319  0.000      0.000      0.000      0       0       0
1   0   1   0         0.069  -0.091  -1.969  0.000      0.000      0.000      0       0       0
0   0   2   0         0.069  -3.990  -1.505  0.000      0.000      0.000      0       0       0
0   1   2   0         0.068  -4.991  0.629  0.000      0.000      0.000      0       0       0
0   1   1   0         0.067  3.375  -3.822  0.000      0.000      0.000      0       0       0
1   1   1   0         0.069  -4.393  -2.261  0.000      0.000      0.000      0       0       0
0   1   0   0         0.068  3.972  -1.329  0.000      0.000      0.000      0       0       0
0   2   0   0         0.067  1.179  -3.195  0.000      0.000      0.000      0       0       0
0   2   1   0         0.068  8.036  2.053  0.000      0.000      0.000      0       0       0
1   2   1   0         0.068  -1.525  2.815  0.000      0.000      0.000      0       0       0
0   2   2   0         0.066  -3.602  3.278  0.000      0.000      0.000      0       0       0
0   0   3   0         0.068  2.938  0.682  0.000      0.000      0.000      0       0       0
0   0   4   0         0.069  8.630  -5.432  0.000      0.000      0.000      0       0       0
1   0   4   0         0.070  -0.931  -5.866  0.000      0.000      0.000      0       0       0
0   0   5   0         0.067  -6.623  -1.814  0.000      0.000      0.000      0       0       0
0   1   5   0         0.068  -4.038  -2.670  0.000      0.000      0.000      0       0       0
0   1   4   0         0.067  7.315  -2.934  0.000      0.000      0.000      0       0       0
1   1   4   0         0.066  -1.648  -3.765  0.000      0.000      0.000      0       0       0
0   1   3   0         0.068  5.523  -1.040  0.000      0.000      0.000      0       0       0
0   2   3   0         0.067  3.327  -0.514  0.000      0.000      0.000      0       0       0
0   2   4   0         0.064  9.586  -3.040  0.000      0.000      0.000      0       0       0
1   2   4   0         0.066  -2.365  2.506  0.000      0.000      0.000      0       0       0
0   2   5   0         0.064  -3.844  -0.020  0.000      0.000      0.000      0       0       0
0   0   6   0         0.065  1.206  -3.703  0.000      0.000      0.000      0       0       0
0   0   7   0         0.063  6.898  -8.024  0.000      0.000      0.000      0       0       0
1   0   7   0         0.065  5.105  -1.879  0.000      0.000      0.000      0       0       0
0   0   8   0         0.066  -3.574  -6.798  0.000      0.000      0.000      0       0       0
0   1   8   0         0.065  -5.770  -8.849  0.000      0.000      0.000      0       0       0
0   1   7   0         0.066  3.791  -6.124  0.000      0.000      0.000      0       0       0
1   1   7   0         0.064  -1.587  -3.965  0.000      0.000      0.000      0       0       0
0   1   6   0         0.062  3.791  -8.416  0.000      0.000      0.000      0       0       0
0   2   6   0         0.062  7.570  -3.703  0.000      0.000      0.000      0       0       0
0   2   7   0         0.068  5.464  -4.436  0.000      0.000      0.000      0       0       0
1   2   7   0         0.064  0.684  -2.477  0.000      0.000      0.000      0       0       0
0   2   8   0         0.064  1.595  -2.014  0.000      0.000      0.000      0       0       0
0   0   9   0         0.062  6.175  -1.527  0.000      0.000      0.000      0       0       0
0   0   10   0         0.062  11.867  -11.229  0.000      0.000      0.000      0       0       0
1   0   10   0         0.063  2.306  -5.085  0.000      0.000      0.000      0       0       0
0   0   11   0         0.063  -3.385  -4.023  0.000      0.000      0.000      0       0       0
0   1   11   0         0.063  -5.581  -6.075  0.000      0.000      0.000      0       0       0
0   1   10   0         0.063  5.175  -5.742  0.000      0.000      0.000      0       0       0
1   1   10   0         0.062  -0.801  2.995  0.000      0.000      0.000      0       0       0
0   1   9   0         0.060  3.979  -11.023  0.000      0.000      0.000      0       0       0
0   2   9   0         0.062  1.783  -8.105  0.000      0.000      0.000      0       0       0
0   2   10   0         0.062  10.433  -1.063  0.000      0.000      0.000      0       0       0
1   2   10   0         0.061  0.872  -0.899  0.000      0.000      0.000      0       0       0
0   2   11   0         0.062  -1.204  -4.621  0.000      0.000      0.000      0       0       0
0   0   0   0         0.062  7.721  -1.126  0.000      0.000      0.000      0       0       0
0   0   1   0         0.062  8.035  -5.447  0.000      0.000      0.000      0       0       0
1   0   1   0         0.063  5.047  -1.096  0.000      0.000      0.000      0       0       0
0   0   2   0         0.063  -0.645  -1.829  0.000      0.000      0.000      0       0       0
0   1   2   0         0.063  -0.450  -2.684  0.000      0.000      0.000      0       0       0
0   1   1   0         0.062  6.720  0.041  0.000      0.000      0.000      0       0       0
1   1   1   0         0.061  -2.243  -1.388  0.000      0.000      0.000      0       0       0
0   1   0   0         0.061  6.720  -3.447  0.000      0.000      0.000      0       0       0
0   2   0   0         0.061  4.524  -1.724  0.000      0.000      0.000      0       0       0
0   2   1   0         0.062  8.393  -0.663  0.000      0.000      0.000      0       0       0
1   2   1   0         0.061  -1.167  0.100  0.000      0.000      0.000      0       0       0
0   2   2   0         0.063  -0.256  -4.221  0.000      0.000      0.000      0       0       0
0   0   3   0         0.062  4.706  -4.442  0.000      0.000      0.000      0       0       0
0   0   4   0         0.064  10.996  -4.576  0.000      0.000      0.000      0       0       0
1   0   4   0         0.063  0.837  -6.206  0.000      0.000      0.000      0       0       0
0   0   5   0         0.063  -0.672  -3.948  0.000      0.000      0.000      0       0       0
0   1   5   0         0.061  -2.868  -3.010  0.000      0.000      0.000      0       0       0
0   1   4   0         0.061  3.705  -6.862  0.000      0.000      0.000      0       0       0
1   1   4   0         0.062  -0.477  -3.508  0.000      0.000      0.000      0       0       0
0   1   3   0         0.060  4.303  -7.360  0.000      0.000      0.000      0       0       0
0   2   3   0         0.061  7.485  -5.040  0.000      0.000      0.000      0       0       0
0   2   4   0         0.060  8.964  -4.576  0.000      0.000      0.000      0       0       0
1   2   4   0         0.061  -0.597  -1.422  0.000      0.000      0.000      0       0       0
0   2   5   0         0.062  -0.881  -1.556  0.000      0.000      0.000      0       0       0
0   0   6   0         0.062  2.667  1.590  0.000      0.000      0.000      0       0       0
0   0   7   0         0.065  8.359  -5.123  0.000      0.000      0.000      0       0       0
1   0   7   0         0.066  -1.202  -5.556  0.000      0.000      0.000      0       0       0
0   0   8   0         0.064  0.277  -0.309  0.000      0.000      0.000      0       0       0
0   1   8   0         0.065  2.264  1.228  0.000      0.000      0.000      0       0       0
0   1   7   0         0.065  7.045  -0.831  0.000      0.000      0.000      0       0       0
1   1   7   0         0.063  -4.309  2.524  0.000      0.000      0.000      0       0       0
0   1   6   0         0.063  5.252  -4.319  0.000      0.000      0.000      0       0       0
0   2   6   0         0.062  3.056  -3.792  0.000      0.000      0.000      0       0       0
0   2   7   0         0.064  11.108  1.455  0.000      0.000      0.000      0       0       0
1   2   7   0         0.062  -2.636  7.002  0.000      0.000      0.000      0       0       0
0   2   8   0         0.063  -1.725  -0.309  0.000      0.000      0.000      0       0       0
0   0   9   0         0.062  8.491  -6.997  0.000      0.000      0.000      0       0       0
0   0   10   0         0.062  9.402  -7.729  0.000      0.000      0.000      0       0       0
1   0   10   0         0.061  1.036  -2.183  0.000      0.000      0.000      0       0       0
0   0   11   0         0.065  0.125  -1.719  0.000      0.000      0.000      0       0       0
0   1   11   0         0.061  2.710  0.415  0.000      0.000      0.000      0       0       0
0   1   10   0         0.060  2.710  -11.809  0.000      0.000      0.000      0       0       0
1   1   10   0         0.061  -0.278  -3.671  0.000      0.000      0.000      0       0       0
0   1   9   0         0.060  2.710  -5.729  0.000      0.000      0.000      0       0       0
0   2   9   0         0.060  5.294  -8.193  0.000      0.000      0.000      0       0       0
0   2   10   0         0.061  9.163  -7.729  0.000      0.000      0.000      0       0       0
1   2   10   0         0.062  4.383  0.807  0.000      0.000      0.000      0       0       0
0   2   11   0         0.060  -3.072  -1.719  0.000      0.000      0.000      0       0       0
0   0   0   0         0.061  -0.362  -3.051  0.000      0.000      0.000      0       0       0
0   0   1   0         0.064  11.903  -7.372  0.000      0.000      0.000      0       0       0
1   0   1   0         0.061  7.122  -1.825  0.000      0.000      0.000      0       0       0
0   0   2   0         0.061  -1.557  -1.362  0.000      0.000      0.000      0       0       0
0   1   2   0         0.061  -0.765  0.175  0.000      0.000      0.000      0       0       0
0   1   1   0         0.062  4.015  -6.668  0.000      0.000      0.000      0       0       0
1   1   1   0         0.061  -5.546  1.471  0.000      0.000      0.000      0       0       0
0   1   0   0         0.062  4.015  -0.588  0.000      0.000      0.000      0       0       0
0   2   0   0         0.061  3.014  -3.051  0.000      0.000      0.000      0       0       0
0   2   1   0         0.062  10.469  2.196  0.000      0.000      0.000      0       0       0
1   2   1   0         0.061  7.481  4.155  0.000      0.000      0.000      0       0       0
0   2   2   0         0.059  -1.766  -1.362  0.000      0.000      0.000      0       0       0
0   0   3   0         0.064  7.884  -5.657  0.000      0.000      0.000      0       0       0
0   0   4   0         0.063  9.990  -9.977  0.000      0.000      0.000      0       0       0
1   0   4   0         0.060  1.027  -8.019  0.000      0.000      0.000      0       0       0
0   0   5   0         0.062  -0.482  -0.380  0.000      0.000      0.000      0       0       0
0   1   5   0         0.063  -2.678  -7.215  0.000      0.000      0.000      0       0       0
0   1   4   0         0.062  6.883  -5.088  0.000      0.000      0.000      0       0       0
1   1   4   0         0.061  -2.678  -5.919  0.000      0.000      0.000      0       0       0
0   1   3   0         0.060  6.883  -7.977  0.000      0.000      0.000      0       0       0
0   2   3   0         0.061  9.467  -1.471  0.000      0.000      0.000      0       0       0
0   2   4   0         0.061  13.336  -5.193  0.000      0.000      0.000      0       0       0
1   2   4   0         0.063  3.775  0.353  0.000      0.000      0.000      0       0       0
0   2   5   0         0.062  -4.874  -3.968  0.000      0.000      0.000      0       0       0
0   0   6   0         0.062  5.148  -3.382  0.000      0.000      0.000      0       0       0
0   0   7   0         0.067  10.242  -2.320  0.000      0.000      0.000      0       0       0
1   0   7   0         0.065  3.669  -3.352  0.000      0.000      0.000      0       0       0
0   0   8   0         0.063  -3.218  1.896  0.000      0.000      0.000      0       0       0
0   1   8   0         0.063  -1.829  -1.352  0.000      0.000      0.000      0       0       0
0   1   7   0         0.062  5.342  -3.410  0.000      0.000      0.000      0       0       0
1   1   7   0         0.064  2.354  -0.055  0.000      0.000      0.000      0       0       0
0   1   6   0         0.062  4.147  -6.898  0.000      0.000      0.000      0       0       0
0   2   6   0         0.062  4.939  -6.372  0.000      0.000      0.000      0       0       0
0   2   7   0         0.062  8.808  -2.320  0.000      0.000      0.000      0       0       0
1   2   7   0         0.064  -0.753  -1.558  0.000      0.000      0.000      0       0       0
0   2   8   0         0.063  0.158  1.896  0.000      0.000      0.000      0       0       0
0   0   9   0         0.063  6.574  -2.449  0.000      0.000      0.000      0       0       0
0   0   10   0         0.062  11.071  -11.553  0.000      0.000      0.000      0       0       0
1   0   10   0         0.063  2.705  -6.007  0.000      0.000      0.000      0       0       0
0   0   11   0         0.061  1.794  -0.760  0.000      0.000      0.000      0       0       0
0   1   11   0         0.062  -0.402  -4.007  0.000      0.000      0.000      0       0       0
0   1   10   0         0.060  8.561  -6.066  0.000      0.000      0.000      0       0       0
1   1   10   0         0.061  -2.792  0.877  0.000      0.000      0.000      0       0       0
0   1   9   0         0.059  9.159  -2.378  0.000      0.000      0.000      0       0       0
0   2   9   0         0.061  6.963  -1.253  0.000      0.000      0.000      0       0       0
0   2   10   0         0.061  10.832  -1.986  0.000      0.000      0.000      0       0       0
1   2   10   0         0.061  6.051  3.561  0.000      0.000      0.000      0       0       0
0   2   11   0         0.064  1.585  4.024  0.000      0.000      0.000      0       0       0
0   0   0   0         0.062  5.461  -1.298  0.000      0.000      0.000      0       0       0
0   0   1   0         0.070  11.750  -5.618  0.000      0.000      0.000      0       0       0
0   0   2   0         0.069  -2.077  -1.365  0.000      0.000      0.000      0       0       0
0   1   2   0         0.069  -4.273  -2.221  0.000      0.000      0.000      0       0       0
0   1   1   0         0.070  8.873  -4.279  0.000      0.000      0.000      0       0       0
1   1   1   0         0.068  -4.273  0.271  0.000      0.000      0.000      0       0       0
0   1   0   0         0.067  5.288  -2.983  0.000      0.000      0.000      0       0       0
0   2   0   0         0.066  7.274  -0.663  0.000      0.000      0.000      0       0       0
0   2   1   0         0.065  6.961  2.193  0.000      0.000      0.000      0       0       0
1   2   1   0         0.063  -0.210  5.347  0.000      0.000      0.000      0       0       0
0   2   2   0         0.067  1.897  -3.159  0.000      0.000      0.000      0       0       0
0   0   3   0         0.068  4.770  1.246  0.000      0.000      0.000      0       0       0
0   0   4   0         0.066  10.462  -3.074  0.000      0.000      0.000      0       0       0
1   0   4   0         0.065  0.901  0.080  0.000      0.000      0.000      0       0       0
0   0   5   0         0.066  -2.400  -1.848  0.000      0.000      0.000      0       0       0
0   1   5   0         0.067  -2.206  -3.302  0.000      0.000      0.000      0       0       0
0   1   4   0         0.068  4.964  -2.370  0.000      0.000      0.000      0       0       0
1   1   4   0         0.063  0.184  0.984  0.000      0.000      0.000      0       0       0
0   1   3   0         0.064  7.355  -4.064  0.000      0.000      0.000      0       0       0
0   2   3   0         0.062  5.159  -7.126  0.000      0.000      0.000      0       0       0
0   2   4   0         0.063  9.625  1.710  0.000      0.000      0.000      0       0       0
1   2   4   0         0.064  -2.923  3.070  0.000      0.000      0.000      0       0       0
0   2   5   0         0.067  0.378  -1.848  0.000      0.000      0.000      0       0       0
0   0   6   0         0.066  1.107  -9.048  0.000      0.000      0.000      0       0       0
0   0   7   0         0.066  6.799  -5.594  0.000      0.000      0.000      0       0       0
1   0   7   0         0.064  1.421  -5.430  0.000      0.000      0.000      0       0       0
0   0   8   0         0.064  -1.881  -3.172  0.000      0.000      0.000      0       0       0
0   1   8   0         0.065  3.094  1.354  0.000      0.000      0.000      0       0       0
0   1   7   0         0.065  2.497  -5.488  0.000      0.000      0.000      0       0       0
1   1   7   0         0.063  -1.089  0.259  0.000      0.000      0.000      0       0       0
0   1   6   0         0.063  3.692  -2.996  0.000      0.000      0.000      0       0       0
0   2   6   0         0.061  6.276  -4.264  0.000      0.000      0.000      0       0       0
0   2   7   0         0.064  8.950  5.768  0.000      0.000      0.000      0       0       0
1   2   7   0         0.061  -3.599  -2.440  0.000      0.000      0.000      0       0       0
0   2   8   0         0.063  -1.492  -2.574  0.000      0.000      0.000      0       0       0
0   0   9   0         0.061  1.409  -5.642  0.000      0.000      0.000      0       0       0
0   0   10   0         0.060  10.089  -7.570  0.000      0.000      0.000      0       0       0
1   0   10   0         0.065  -2.460  -6.808  0.000      0.000      0.000      0       0       0
0   0   11   0         0.061  0.214  0.233  0.000      0.000      0.000      0       0       0
0   1   11   0         0.061  -0.787  1.770  0.000      0.000      0.000      0       0       0
0   1   10   0         0.063  3.994  -4.475  0.000      0.000      0.000      0       0       0
1   1   10   0         0.061  -2.579  -1.120  0.000      0.000      0.000      0       0       0
0   1   9   0         0.060  1.006  -7.364  0.000      0.000      0.000      0       0       0
0   2   9   0         0.061  6.578  -0.858  0.000      0.000      0.000      0       0       0
0   2   10   0         0.062  10.447  -3.384  0.000      0.000      0.000      0       0       0
1   2   10   0         0.059  0.886  0.368  0.000      0.000      0.000      0       0       0
0   2   11   0         0.060  -1.190  -3.953  0.000      0.000      0.000      0       0       0
0   0   0   0         0.065  3.632  -5.636  0.000      0.000      0.000      0       0       0
0   0   1   0         0.066  11.116  -5.173  0.000      0.000      0.000      0       0       0
1   0   1   0         0.065  4.543  -0.822  0.000      0.000      0.000      0       0       0
0   0   2   0         0.066  -0.551  -0.957  0.000      0.000      0.000      0       0       0
0   1   2   0         0.065  -0.955  1.178  0.000      0.000      0.000      0       0       0
0   1   1   0         0.063  9.204  -4.469  0.000      0.000      0.000      0       0       0
1   1   1   0         0.060  -3.345  -2.310  0.000      0.000      0.000      0       0       0
0   1   0   0         0.062  5.618  -4.369  0.000      0.000      0.000      0       0       0
0   2   0   0         0.062  5.215  -2.048  0.000      0.000      0.000      0       0       0
0   2   1   0         0.062  12.670  3.199  0.000      0.000      0.000      0       0       0
1   2   1   0         0.061  3.109  -0.224  0.000      0.000      0.000      0       0       0
0   2   2   0         0.064  -5.541  -0.957  0.000      0.000      0.000      0       0       0
0   0   3   0         0.060  3.430  -2.861  0.000      0.000      0.000      0       0       0
0   0   4   0         0.063  9.122  -7.181  0.000      0.000      0.000      0       0       0
1   0   4   0         0.063  4.342  -1.635  0.000      0.000      0.000      0       0       0
0   0   5   0         0.064  -0.753  -1.171  0.000      0.000      0.000      0       0       0
0   1   5   0         0.063  -3.546  0.365  0.000      0.000      0.000      0       0       0
0   1   4   0         0.063  8.405  -1.693  0.000      0.000      0.000      0       0       0
1   1   4   0         0.061  -0.558  -0.133  0.000      0.000      0.000      0       0       0
0   1   3   0         0.062  1.234  -5.181  0.000      0.000      0.000      0       0       0
0   2   3   0         0.060  8.002  -2.861  0.000      0.000      0.000      0       0       0
0   2   4   0         0.060  9.480  -2.397  0.000      0.000      0.000      0       0       0
1   2   4   0         0.061  0.517  3.149  0.000      0.000      0.000      0       0       0
0   2   5   0         0.059  -0.962  -1.171  0.000      0.000      0.000      0       0       0
0   0   6   0         0.061  0.514  -5.146  0.000      0.000      0.000      0       0       0
0   0   7   0         0.065  3.218  -4.682  0.000      0.000      0.000      0       0       0
1   0   7   0         0.061  1.425  -3.920  0.000      0.000      0.000      0       0       0
0   0   8   0         0.061  0.514  -3.456  0.000      0.000      0.000      0       0       0
0   1   8   0         0.062  -1.682  -1.920  0.000      0.000      0.000      0       0       0
0   1   7   0         0.059  3.098  -3.979  0.000      0.000      0.000      0       0       0
1   1   7   0         0.062  -1.682  -4.212  0.000      0.000      0.000      0       0       0
0   1   6   0         0.062  7.879  -3.280  0.000      0.000      0.000      0       0       0
0   2   6   0         0.060  5.683  -5.146  0.000      0.000      0.000      0       0       0
0   2   7   0         0.061  4.771  0.102  0.000      0.000      0.000      0       0       0
1   2   7   0         0.060  -0.009  0.864  0.000      0.000      0.000      0       0       0
0   2   8   0         0.060  2.695  -3.456  0.000      0.000      0.000      0       0       0
0   0   9   0         0.060  1.277  -2.283  0.000      0.000      0.000      0       0       0
0   0   10   0         0.061  11.749  -9.594  0.000      0.000      0.000      0       0       0
1   0   10   0         0.062  2.188  -5.841  0.000      0.000      0.000      0       0       0
0   0   11   0         0.062  -3.503  -1.192  0.000      0.000      0.000      0       0       0
0   1   11   0         0.061  -5.699  0.943  0.000      0.000      0.000      0       0       0
0   1   10   0         0.060  8.642  -5.900  0.000      0.000      0.000      0       0       0
1   1   10   0         0.059  0.874  -2.545  0.000      0.000      0.000      0       0       0
0   1   9   0         0.060  5.654  -4.604  0.000      0.000      0.000      0       0       0
0   2   9   0         0.059  11.226  -2.283  0.000      0.000      0.000      0       0       0
0   2   10   0         0.061  10.315  -1.222  0.000      0.000      0.000      0       0       0
1   2   10   0         0.059  5.535  -0.459  0.000      0.000      0.000      0       0       0
0   2   11   0         0.059  0.470  2.396  0.000      0.000      0.000      0       0       0
0   0   0   0         0.062  1.821  -1.365  0.000      0.000      0.000      0       0       0
0   0   1   0         0.063  9.903  -6.283  0.000      0.000      0.000      0       0       0
1   0   1   0         0.064  0.342  -2.531  0.000      0.000      0.000      0       0       0
0   0   2   0         0.061  -0.569  -0.273  0.000      0.000      0.000      0       0       0
0   1   2   0         0.060  2.015  -0.531  0.000      0.000      0.000      0       0       0
0   1   1   0         0.062  6.796  -1.394  0.000      0.000      0.000      0       0       0
1   1   1   0         0.061  -2.765  -3.421  0.000      0.000      0.000      0       0       0
0   1   0   0         0.060  6.796  -6.077  0.000      0.000      0.000      0       0       0
0   2   0   0         0.063  8.782  -3.757  0.000      0.000      0.000      0       0       0
0   2   1   0         0.063  8.469  -2.097  0.000      0.000      0.000      0       0       0
1   2   1   0         0.062  3.688  2.253  0.000      0.000      0.000      0       0       0
0   2   2   0         0.062  -1.974  -3.263  0.000      0.000      0.000      0       0       0
0   0   3   0         0.060  3.964  -3.957  0.000      0.000      0.000      0       0       0
0   0   4   0         0.062  4.876  -5.886  0.000      0.000      0.000      0       0       0
1   0   4   0         0.062  0.095  -6.319  0.000      0.000      0.000      0       0       0
0   0   5   0         0.063  -0.816  0.722  0.000      0.000      0.000      0       0       0
0   1   5   0         0.063  1.768  3.455  0.000      0.000      0.000      0       0       0
0   1   4   0         0.062  6.549  -5.780  0.000      0.000      0.000      0       0       0
1   1   4   0         0.060  -0.024  0.565  0.000      0.000      0.000      0       0       0
0   1   3   0         0.060  6.549  -1.494  0.000      0.000      0.000      0       0       0
0   2   3   0         0.062  10.926  -6.349  0.000      0.000      0.000      0       0       0
0   2   4   0         0.061  5.234  -2.896  0.000      0.000      0.000      0       0       0
1   2   4   0         0.061  -6.119  2.053  0.000      0.000      0.000      0       0       0
0   2   5   0         0.062  -0.428  -2.268  0.000      0.000      0.000      0       0       0
0   0   6   0         0.060  0.007  -4.764  0.000      0.000      0.000      0       0       0
0   0   7   0         0.062  8.089  -7.889  0.000      0.000      0.000      0       0       0
1   0   7   0         0.061  -4.459  -3.539  0.000      0.000      0.000      0       0       0
0   0   8   0         0.061  -1.188  -2.477  0.000      0.000      0.000      0       0       0
0   1   8   0         0.061  0.201  -5.725  0.000      0.000      0.000      0       0       0
0   1   7   0         0.062  4.982  -5.391  0.000      0.000      0.000      0       0       0
1   1   7   0         0.061  -0.396  -0.242  0.000      0.000      0.000      0       0       0
0   1   6   0         0.060  7.970  -2.301  0.000      0.000      0.000      0       0       0
0   2   6   0         0.062  2.786  0.020  0.000      0.000      0.000      0       0       0
0   2   7   0         0.062  6.057  0.483  0.000      0.000      0.000      0       0       0
1   2   7   0         0.062  0.679  0.647  0.000      0.000      0.000      0       0       0
0   2   8   0         0.062  -1.995  1.709  0.000      0.000      0.000      0       0       0
0   0   9   0         0.060  2.547  -1.552  0.000      0.000      0.000      0       0       0
0   0   10   0         0.061  8.239  -8.862  0.000      0.000      0.000      0       0       0
1   0   10   0         0.057  -0.127  -5.110  0.000      0.000      0.000      0       0       0
0   0   11   0         0.061  2.547  -1.656  0.000      0.000      0.000      0       0       0
0   1   11   0         0.062  -2.637  -0.120  0.000      0.000      0.000      0       0       0
0   1   10   0         0.061  8.119  -5.168  0.000      0.000      0.000      0       0       0
1   1   10   0         0.060  0.351  2.970  0.000      0.000      0.000      0       0       0
0   1   9   0         0.061  2.741  -3.872  0.000      0.000      0.000      0       0       0
0   2   9   0         0.060  5.923  -4.542  0.000      0.000      0.000      0       0       0
0   2   10   0         0.062  6.804  -1.686  0.000      0.000      0.000      0       0       0
1   2   10   0         0.061  -2.756  -0.326  0.000      0.000      0.000      0       0       0
0   2   11   0         0.061  -1.845  0.138  0.000      0.000      0.000      0       0       0
0   0   0   0         0.060  3.396  -2.399  0.000      0.000      0.000      0       0       0
0   0   1   0         0.062  9.088  -4.327  0.000      0.000      0.000      0       0       0
1   0   1   0         0.060  -5.254  -1.173  0.000      0.000      0.000      0       0       0
0   0   2   0         0.061  -0.787  -3.101  0.000      0.000      0.000      0       0       0
0   1   2   0         0.061  -3.581  -3.359  0.000      0.000      0.000      0       0       0
0   1   1   0         0.062  10.761  -2.427  0.000      0.000      0.000      0       0       0
1   1   1   0         0.063  -3.581  -2.661  0.000      0.000      0.000      0       0       0
0   1   0   0         0.061  2.993  -2.327  0.000      0.000      0.000      0       0       0
0   2   0   0         0.062  3.784  -3.595  0.000      0.000      0.000      0       0       0
0   2   1   0         0.062  7.653  2.849  0.000      0.000      0.000      0       0       0
1   2   1   0         0.061  2.873  0.621  0.000      0.000      0.000      0       0       0
0   2   2   0         0.060  -0.996  -3.101  0.000      0.000      0.000      0       0       0
0   0   3   0         0.062  2.009  -2.887  0.000      0.000      0.000      0       0       0
0   0   4   0         0.062  7.701  -8.403  0.000      0.000      0.000      0       0       0
1   0   4   0         0.062  2.323  -5.249  0.000      0.000      0.000      0       0       0
0   0   5   0         0.061  -2.771  0.596  0.000      0.000      0.000      0       0       0
0   1   5   0         0.062  -0.187  2.133  0.000      0.000      0.000      0       0       0
0   1   4   0         0.061  6.386  -4.710  0.000      0.000      0.000      0       0       0
1   1   4   0         0.061  -0.187  -0.757  0.000      0.000      0.000      0       0       0
0   1   3   0         0.059  9.374  -3.414  0.000      0.000      0.000      0       0       0
0   2   3   0         0.061  7.776  -3.485  0.000      0.000      0.000      0       0       0
0   2   4   0         0.061  9.852  0.566  0.000      0.000      0.000      0       0       0
1   2   4   0         0.060  2.084  0.133  0.000      0.000      0.000      0       0       0
0   2   5   0         0.062  -2.383  0.596  0.000      0.000      0.000      0       0       0
0   0   6   0         0.060  2.646  -3.135  0.000      0.000      0.000      0       0       0
0   0   7   0         0.062  3.557  -2.672  0.000      0.000      0.000      0       0       0
1   0   7   0         0.063  -1.223  -1.910  0.000      0.000      0.000      0       0       0
0   0   8   0         0.060  -2.732  3.338  0.000      0.000      0.000      0       0       0
0   1   8   0         0.061  0.450  -2.899  0.000      0.000      0.000      0       0       0
0   1   7   0         0.062  5.230  -4.360  0.000      0.000      0.000      0       0       0
1   1   7   0         0.063  -1.940  -3.397  0.000      0.000      0.000      0       0       0
0   1   6   0         0.061  5.230  -4.858  0.000      0.000      0.000      0       0       0
0   2   6   0         0.061  7.815  -0.743  0.000      0.000      0.000      0       0       0
0   2   7   0         0.062  11.684  2.112  0.000      0.000      0.000      0       0       0
1   2   7   0         0.062  6.904  2.874  0.000      0.000      0.000      0       0       0
0   2   8   0         0.062  -1.746  -1.446  0.000      0.000      0.000      0       0       0
0   0   9   0         0.061  2.651  -1.116  0.000      0.000      0.000      0       0       0
0   0   10   0         0.061  7.745  -6.632  0.000      0.000      0.000      0       0       0
1   0   10   0         0.061  1.172  -1.086  0.000      0.000      0.000      0       0       0
0   0   11   0         0.060  0.261  -0.024  0.000      0.000      0.000      0       0       0
0   1   11   0         0.063  2.845  -1.478  0.000      0.000      0.000      0       0       0
0   1   10   0         0.060  8.821  -5.330  0.000      0.000      0.000      0       0       0
1   1   10   0         0.060  -0.740  -0.780  0.000      0.000      0.000      0       0       0
0   1   9   0         0.060  8.821  -3.436  0.000      0.000      0.000      0       0       0
0   2   10   0         0.065  5.527  -2.127  0.000      0.000      0.000      0       0       0
0   2   11   0         0.069  -0.160  -5.167  0.000      0.000      0.000      0       0       0
0   0   0   0         0.068  -1.009  -4.323  0.000      0.000      0.000      0       0       0
0   0   1   0         0.070  4.683  -8.046  0.000      0.000      0.000      0       0       0
1   0   1   0         0.069  -8.463  1.687  0.000      0.000      0.000      0       0       0
0   0   2   0         0.069  -1.009  2.150  0.000      0.000      0.000      0       0       0
0   1   2   0         0.068  -2.607  -5.283  0.000      0.000      0.000      0       0       0
0   1   1   0         0.066  11.136  -3.156  0.000      0.000      0.000      0       0       0
1   1   1   0         0.066  -0.217  -0.399  0.000      0.000      0.000      0       0       0
0   1   0   0         0.064  6.356  -3.056  0.000      0.000      0.000      0       0       0
0   2   0   0         0.065  7.148  -4.323  0.000      0.000      0.000      0       0       0
0   2   1   0         0.063  5.639  -1.468  0.000      0.000      0.000      0       0       0
1   2   1   0         0.061  -3.324  -1.901  0.000      0.000      0.000      0       0       0
0   2   2   0         0.064  -1.218  -2.634  0.000      0.000      0.000      0       0       0
0   0   3   0         0.063  7.730  -4.970  0.000      0.000      0.000      0       0       0
0   0   4   0         0.064  9.239  -9.291  0.000      0.000      0.000      0       0       0
1   0   4   0         0.063  0.873  -4.940  0.000      0.000      0.000      0       0       0
0   0   5   0         0.064  -1.233  0.307  0.000      0.000      0.000      0       0       0
0   1   5   0         0.063  -3.429  -2.940  0.000      0.000      0.000      0       0       0
0   1   4   0         0.061  8.522  -5.597  0.000      0.000      0.000      0       0       0
1   1   4   0         0.064  -3.429  -1.644  0.000      0.000      0.000      0       0       0
0   1   3   0         0.064  6.132  -6.095  0.000      0.000      0.000      0       0       0
0   2   3   0         0.063  4.533  -1.980  0.000      0.000      0.000      0       0       0
0   2   4   0         0.062  8.402  -0.919  0.000      0.000      0.000      0       0       0
1   2   4   0         0.064  3.024  4.628  0.000      0.000      0.000      0       0       0
0   2   5   0         0.063  -2.637  0.307  0.000      0.000      0.000      0       0       0
0   0   6   0         0.063  0.970  3.455  0.000      0.000      0.000      0       0       0
0   0   7   0         0.062  8.454  -3.855  0.000      0.000      0.000      0       0       0
1   0   7   0         0.063  1.284  0.495  0.000      0.000      0.000      0       0       0
0   0   8   0         0.067  0.373  -2.630  0.000      0.000      0.000      0       0       0
0   1   8   0         0.065  0.567  -1.093  0.000      0.000      0.000      0       0       0
0   1   7   0         0.064  5.347  -2.554  0.000      0.000      0.000      0       0       0
1   1   7   0         0.065  -4.214  -4.581  0.000      0.000      0.000      0       0       0
0   1   6   0         0.063  5.347  -6.639  0.000      0.000      0.000      0       0       0
0   2   6   0         0.064  3.749  0.465  0.000      0.000      0.000      0       0       0
0   2   7   0         0.064  7.020  0.929  0.000      0.000      0.000      0       0       0
1   2   7   0         0.062  -0.150  -2.495  0.000      0.000      0.000      0       0       0
0   2   8   0         0.064  -1.629  -2.630  0.000      0.000      0.000      0       0       0
0   0   9   0         0.061  8.617  -0.905  0.000      0.000      0.000      0       0       0
0   0   10   0         0.063  14.309  -5.824  0.000      0.000      0.000      0       0       0
1   0   10   0         0.063  -0.033  -0.875  0.000      0.000      0.000      0       0       0
0   0   11   0         0.062  -0.944  -4.000  0.000      0.000      0.000      0       0       0
0   1   11   0         0.059  -2.542  -3.061  0.000      0.000      0.000      0       0       0
0   1   10   0         0.060  6.421  -5.120  0.000      0.000      0.000      0       0       0
1   1   10   0         0.061  -3.140  2.421  0.000      0.000      0.000      0       0       0
0   1   9   0         0.058  5.823  -3.824  0.000      0.000      0.000      0       0       0
0   2   9   0         0.061  4.225  -1.503  0.000      0.000      0.000      0       0       0
0   2   10   0         0.062  11.679  -4.628  0.000      0.000      0.000      0       0       0
1   2   10   0         0.062  3.314  -0.277  0.000      0.000      0.000      0       0       0
0   2   11   0         0.061  -0.556  -2.804  0.000      0.000      0.000      0       0       0
